>>> pan_demography()
Model =  hudson(reference_size=1)
==============================
Epoch: 0 -- 5000.0 generations
==============================
     start     end      growth_rate |     0        1        2        3        4        5        6        7        8        9       10    
   -------- --------       -------- | -------- -------- -------- -------- -------- -------- -------- -------- -------- -------- -------- 
0 |  1e+04    1e+04               0 |     0        0        0        0        0        0        0        0        0        0        0    
1 |  3e+04  3.46e+04      -2.88e-05 |     0        0        0        0        0        0        0        0        0        0        0    
2 | 1.2e+04  1.9e+04      -9.16e-05 |     0        0        0        0        0        0        0        0        0        0        0    
3 |  9e+03   1.5e+04      -0.000102 |     0        0        0        0        0        0        0        0        0        0        0    
4 |  5e+03    3e+04       -0.000358 |     0        0        0        0        0        0        0        0        0        0        0    
5 |  5e+03  9.21e+03      -0.000122 |     0        0        0        0        0        0        0        0        0        0        0    
6 | 1.5e+04  1.5e+04              0 |     0        0        0        0        0        0        0        0        0        0        0    
7 |  2e+03  5.48e+03      -0.000201 |     0        0        0        0        0        0        0        0        0        0        0    
8 |  8e+03  9.61e+03      -3.67e-05 |     0        0        0        0        0        0        0        0        0        0        0    
9 | 2.5e+04 2.92e+04      -3.13e-05 |     0        0        0        0        0        0        0        0        0        0        0    
10| 3.5e+04  3.5e+04              0 |     0        0        0        0        0        0        0        0        0        0        0    

Events @ generation 5000.0
   - Population parameter change for 3: initial_size -> 15000 growth_rate -> 4.054651e-05 
   - Population parameter change for 4: initial_size -> 30000 growth_rate -> 0.0001791759 
===================================
Epoch: 5000.0 -- 7500.0 generations
===================================
     start     end      growth_rate |     0        1        2        3        4        5        6        7        8        9       10    
   -------- --------       -------- | -------- -------- -------- -------- -------- -------- -------- -------- -------- -------- -------- 
0 |  1e+04    1e+04               0 |     0        0        0        0        0        0        0        0        0        0        0    
1 |3.46e+04 3.72e+04      -2.88e-05 |     0        0        0        0        0        0        0        0        0        0        0    
2 | 1.9e+04 2.39e+04      -9.16e-05 |     0        0        0        0        0        0        0        0        0        0        0    
3 | 1.5e+04 1.36e+04       4.05e-05 |     0        0        0        0        0        0        0        0        0        0        0    
4 |  3e+04  1.92e+04       0.000179 |     0        0        0        0        0        0        0        0        0        0        0    
5 |9.21e+03 1.25e+04      -0.000122 |     0        0        0        0        0        0        0        0        0        0        0    
6 | 1.5e+04  1.5e+04              0 |     0        0        0        0        0        0        0        0        0        0        0    
7 |5.48e+03 9.06e+03      -0.000201 |     0        0        0        0        0        0        0        0        0        0        0    
8 |9.61e+03 1.05e+04      -3.67e-05 |     0        0        0        0        0        0        0        0        0        0        0    
9 |2.92e+04 3.16e+04      -3.13e-05 |     0        0        0        0        0        0        0        0        0        0        0    
10| 3.5e+04  3.5e+04              0 |     0        0        0        0        0        0        0        0        0        0        0    

Events @ generation 7500.0
   - Population parameter change for 5: initial_size -> 20000 growth_rate -> 6.161308e-05 
====================================
Epoch: 7500.0 -- 10000.0 generations
====================================
     start     end      growth_rate |     0        1        2        3        4        5        6        7        8        9       10    
   -------- --------       -------- | -------- -------- -------- -------- -------- -------- -------- -------- -------- -------- -------- 
0 |  1e+04    1e+04               0 |     0        0        0        0        0        0        0        0        0        0        0    
1 |3.72e+04   4e+04       -2.88e-05 |     0        0        0        0        0        0        0        0        0        0        0    
2 |2.39e+04   3e+04       -9.16e-05 |     0        0        0        0        0        0        0        0        0        0        0    
3 |1.36e+04 1.22e+04       4.05e-05 |     0        0        0        0        0        0        0        0        0        0        0    
4 |1.92e+04 1.22e+04       0.000179 |     0        0        0        0        0        0        0        0        0        0        0    
5 |  2e+04  1.71e+04       6.16e-05 |     0        0        0        0        0        0        0        0        0        0        0    
6 | 1.5e+04  1.5e+04              0 |     0        0        0        0        0        0        0        0        0        0        0    
7 |9.06e+03  1.5e+04      -0.000201 |     0        0        0        0        0        0        0        0        0        0        0    
8 |1.05e+04 1.15e+04      -3.67e-05 |     0        0        0        0        0        0        0        0        0        0        0    
9 |3.16e+04 3.42e+04      -3.13e-05 |     0        0        0        0        0        0        0        0        0        0        0    
10| 3.5e+04  3.5e+04              0 |     0        0        0        0        0        0        0        0        0        0        0    

Events @ generation 10000.0
   - Population parameter change for 1: initial_size -> 40000 growth_rate -> 0.0 
   - Population parameter change for 2: initial_size -> 30000 growth_rate -> 0.0 
   - Population parameter change for 7: initial_size -> 15000 growth_rate -> 0.0 
   - Mass migration: lineages move from 2 to 1 with probability 1.0
   - Mass migration: lineages move from 7 to 6 with probability 1.0
   - Population parameter change for 1: initial_size -> 30000 growth_rate -> 2.703101e-05 
   - Population parameter change for 6: initial_size -> 15000 growth_rate -> -7.192052e-06 
=====================================
Epoch: 10000.0 -- 15000.0 generations
=====================================
     start     end      growth_rate |     0        1        2        3        4        5        6        7        8        9       10    
   -------- --------       -------- | -------- -------- -------- -------- -------- -------- -------- -------- -------- -------- -------- 
0 |  1e+04    1e+04               0 |     0        0        0        0        0        0        0        0        0        0        0    
1 |  3e+04  2.62e+04        2.7e-05 |     0        0        0        0        0        0        0        0        0        0        0    
2 |  3e+04    3e+04               0 |     0        0        0        0        0        0        0        0        0        0        0    
3 |1.22e+04   1e+04        4.05e-05 |     0        0        0        0        0        0        0        0        0        0        0    
4 |1.22e+04   5e+03        0.000179 |     0        0        0        0        0        0        0        0        0        0        0    
5 |1.71e+04 1.26e+04       6.16e-05 |     0        0        0        0        0        0        0        0        0        0        0    
6 | 1.5e+04 1.55e+04      -7.19e-06 |     0        0        0        0        0        0        0        0        0        0        0    
7 | 1.5e+04  1.5e+04              0 |     0        0        0        0        0        0        0        0        0        0        0    
8 |1.15e+04 1.39e+04      -3.67e-05 |     0        0        0        0        0        0        0        0        0        0        0    
9 |3.42e+04   4e+04       -3.13e-05 |     0        0        0        0        0        0        0        0        0        0        0    
10| 3.5e+04  3.5e+04              0 |     0        0        0        0        0        0        0        0        0        0        0    

Events @ generation 15000.0
   - Population parameter change for 3: initial_size -> 10000 growth_rate -> 0.0 
   - Population parameter change for 4: initial_size -> 5000 growth_rate -> 0.0 
   - Mass migration: lineages move from 4 to 3 with probability 1.0
   - Population parameter change for 3: initial_size -> 10000 growth_rate -> -4.054651e-05 
   - Population parameter change for 9: initial_size -> 40000 growth_rate -> 6.931472e-05 
=====================================
Epoch: 15000.0 -- 25000.0 generations
=====================================
     start     end      growth_rate |     0        1        2        3        4        5        6        7        8        9       10    
   -------- --------       -------- | -------- -------- -------- -------- -------- -------- -------- -------- -------- -------- -------- 
0 |  1e+04    1e+04               0 |     0        0        0        0        0        0        0        0        0        0        0    
1 |2.62e+04   2e+04         2.7e-05 |     0        0        0        0        0        0        0        0        0        0        0    
2 |  3e+04    3e+04               0 |     0        0        0        0        0        0        0        0        0        0        0    
3 |  1e+04   1.5e+04      -4.05e-05 |     0        0        0        0        0        0        0        0        0        0        0    
4 |  5e+03    5e+03               0 |     0        0        0        0        0        0        0        0        0        0        0    
5 |1.26e+04  6.8e+03       6.16e-05 |     0        0        0        0        0        0        0        0        0        0        0    
6 |1.55e+04 1.67e+04      -7.19e-06 |     0        0        0        0        0        0        0        0        0        0        0    
7 | 1.5e+04  1.5e+04              0 |     0        0        0        0        0        0        0        0        0        0        0    
8 |1.39e+04   2e+04       -3.67e-05 |     0        0        0        0        0        0        0        0        0        0        0    
9 |  4e+04    2e+04        6.93e-05 |     0        0        0        0        0        0        0        0        0        0        0    
10| 3.5e+04  3.5e+04              0 |     0        0        0        0        0        0        0        0        0        0        0    

Events @ generation 25000.0
   - Population parameter change for 1: initial_size -> 20000 growth_rate -> 0.0 
   - Population parameter change for 3: initial_size -> 15000 growth_rate -> 0.0 
   - Population parameter change for 8: initial_size -> 20000 growth_rate -> 0.0 
   - Population parameter change for 9: initial_size -> 20000 growth_rate -> 0.0 
   - Mass migration: lineages move from 3 to 1 with probability 1.0
   - Mass migration: lineages move from 9 to 8 with probability 1.0
   - Population parameter change for 1: initial_size -> 20000 growth_rate -> 2.772589e-05 
   - Population parameter change for 8: initial_size -> 20000 growth_rate -> 0 
=====================================
Epoch: 25000.0 -- 30000.0 generations
=====================================
     start     end      growth_rate |     0        1        2        3        4        5        6        7        8        9       10    
   -------- --------       -------- | -------- -------- -------- -------- -------- -------- -------- -------- -------- -------- -------- 
0 |  1e+04    1e+04               0 |     0        0        0        0        0        0        0        0        0        0        0    
1 |  2e+04  1.74e+04       2.77e-05 |     0        0        0        0        0        0        0        0        0        0        0    
2 |  3e+04    3e+04               0 |     0        0        0        0        0        0        0        0        0        0        0    
3 | 1.5e+04  1.5e+04              0 |     0        0        0        0        0        0        0        0        0        0        0    
4 |  5e+03    5e+03               0 |     0        0        0        0        0        0        0        0        0        0        0    
5 | 6.8e+03   5e+03        6.16e-05 |     0        0        0        0        0        0        0        0        0        0        0    
6 |1.67e+04 1.73e+04      -7.19e-06 |     0        0        0        0        0        0        0        0        0        0        0    
7 | 1.5e+04  1.5e+04              0 |     0        0        0        0        0        0        0        0        0        0        0    
8 |  2e+04    2e+04               0 |     0        0        0        0        0        0        0        0        0        0        0    
9 |  2e+04    2e+04               0 |     0        0        0        0        0        0        0        0        0        0        0    
10| 3.5e+04  3.5e+04              0 |     0        0        0        0        0        0        0        0        0        0        0    

Events @ generation 30000.0
   - Population parameter change for 5: initial_size -> 5000 growth_rate -> -3.465736e-05 
=====================================
Epoch: 30000.0 -- 50000.0 generations
=====================================
     start     end      growth_rate |     0        1        2        3        4        5        6        7        8        9       10    
   -------- --------       -------- | -------- -------- -------- -------- -------- -------- -------- -------- -------- -------- -------- 
0 |  1e+04    1e+04               0 |     0        0        0        0        0        0        0        0        0        0        0    
1 |1.74e+04   1e+04        2.77e-05 |     0        0        0        0        0        0        0        0        0        0        0    
2 |  3e+04    3e+04               0 |     0        0        0        0        0        0        0        0        0        0        0    
3 | 1.5e+04  1.5e+04              0 |     0        0        0        0        0        0        0        0        0        0        0    
4 |  5e+03    5e+03               0 |     0        0        0        0        0        0        0        0        0        0        0    
5 |  5e+03    1e+04       -3.47e-05 |     0        0        0        0        0        0        0        0        0        0        0    
6 |1.73e+04   2e+04       -7.19e-06 |     0        0        0        0        0        0        0        0        0        0        0    
7 | 1.5e+04  1.5e+04              0 |     0        0        0        0        0        0        0        0        0        0        0    
8 |  2e+04    2e+04               0 |     0        0        0        0        0        0        0        0        0        0        0    
9 |  2e+04    2e+04               0 |     0        0        0        0        0        0        0        0        0        0        0    
10| 3.5e+04  3.5e+04              0 |     0        0        0        0        0        0        0        0        0        0        0    

Events @ generation 50000.0
   - Population parameter change for 1: initial_size -> 10000 growth_rate -> 0 
   - Population parameter change for 5: initial_size -> 10000 growth_rate -> 0 
   - Mass migration: lineages move from 5 to 1 with probability 1.0
   - Population parameter change for 1: initial_size -> 10000 growth_rate -> -4.265521e-06 
   - Population parameter change for 6: initial_size -> 20000 growth_rate -> 6.811008e-06 
======================================
Epoch: 50000.0 -- 125000.0 generations
======================================
     start     end      growth_rate |     0        1        2        3        4        5        6        7        8        9       10    
   -------- --------       -------- | -------- -------- -------- -------- -------- -------- -------- -------- -------- -------- -------- 
0 |  1e+04    1e+04               0 |     0        0        0        0        0        0        0        0        0        0        0    
1 |  1e+04  1.38e+04      -4.27e-06 |     0        0        0        0        0        0        0        0        0        0        0    
2 |  3e+04    3e+04               0 |     0        0        0        0        0        0        0        0        0        0        0    
3 | 1.5e+04  1.5e+04              0 |     0        0        0        0        0        0        0        0        0        0        0    
4 |  5e+03    5e+03               0 |     0        0        0        0        0        0        0        0        0        0        0    
5 |  1e+04    1e+04               0 |     0        0        0        0        0        0        0        0        0        0        0    
6 |  2e+04   1.2e+04       6.81e-06 |     0        0        0        0        0        0        0        0        0        0        0    
7 | 1.5e+04  1.5e+04              0 |     0        0        0        0        0        0        0        0        0        0        0    
8 |  2e+04    2e+04               0 |     0        0        0        0        0        0        0        0        0        0        0    
9 |  2e+04    2e+04               0 |     0        0        0        0        0        0        0        0        0        0        0    
10| 3.5e+04  3.5e+04              0 |     0        0        0        0        0        0        0        0        0        0        0    

Events @ generation 125000.0
   - Population parameter change for 6: initial_size -> 12000 growth_rate -> -3.665163e-06 
=======================================
Epoch: 125000.0 -- 250000.0 generations
=======================================
     start     end      growth_rate |     0        1        2        3        4        5        6        7        8        9       10    
   -------- --------       -------- | -------- -------- -------- -------- -------- -------- -------- -------- -------- -------- -------- 
0 |  1e+04    1e+04               0 |     0        0        0        0        0        0        0        0        0        0        0    
1 |1.38e+04 2.35e+04      -4.27e-06 |     0        0        0        0        0        0        0        0        0        0        0    
2 |  3e+04    3e+04               0 |     0        0        0        0        0        0        0        0        0        0        0    
3 | 1.5e+04  1.5e+04              0 |     0        0        0        0        0        0        0        0        0        0        0    
4 |  5e+03    5e+03               0 |     0        0        0        0        0        0        0        0        0        0        0    
5 |  1e+04    1e+04               0 |     0        0        0        0        0        0        0        0        0        0        0    
6 | 1.2e+04  1.9e+04      -3.67e-06 |     0        0        0        0        0        0        0        0        0        0        0    
7 | 1.5e+04  1.5e+04              0 |     0        0        0        0        0        0        0        0        0        0        0    
8 |  2e+04    2e+04               0 |     0        0        0        0        0        0        0        0        0        0        0    
9 |  2e+04    2e+04               0 |     0        0        0        0        0        0        0        0        0        0        0    
10| 3.5e+04  3.5e+04              0 |     0        0        0        0        0        0        0        0        0        0        0    

Events @ generation 250000.0
   - Population parameter change for 2: initial_size -> 23469 growth_rate -> 0 
   - Mass migration: lineages move from 1 to 2 with probability 1.0
   - Population parameter change for 2: initial_size -> 23469 growth_rate -> -4.265521e-06 
=======================================
Epoch: 250000.0 -- 375000.0 generations
=======================================
     start     end      growth_rate |     0        1        2        3        4        5        6        7        8        9       10    
   -------- --------       -------- | -------- -------- -------- -------- -------- -------- -------- -------- -------- -------- -------- 
0 |  1e+04    1e+04               0 |     0        0        0        0        0        0        0        0        0        0        0    
1 |2.35e+04   4e+04       -4.27e-06 |     0        0        0        0        0        0        0        0        0        0        0    
2 |2.35e+04   4e+04       -4.27e-06 |     0        0        0        0        0        0        0        0        0        0        0    
3 | 1.5e+04  1.5e+04              0 |     0        0        0        0        0        0        0        0        0        0        0    
4 |  5e+03    5e+03               0 |     0        0        0        0        0        0        0        0        0        0        0    
5 |  1e+04    1e+04               0 |     0        0        0        0        0        0        0        0        0        0        0    
6 | 1.9e+04   3e+04       -3.67e-06 |     0        0        0        0        0        0        0        0        0        0        0    
7 | 1.5e+04  1.5e+04              0 |     0        0        0        0        0        0        0        0        0        0        0    
8 |  2e+04    2e+04               0 |     0        0        0        0        0        0        0        0        0        0        0    
9 |  2e+04    2e+04               0 |     0        0        0        0        0        0        0        0        0        0        0    
10| 3.5e+04  3.5e+04              0 |     0        0        0        0        0        0        0        0        0        0        0    

Events @ generation 375000.0
   - Population parameter change for 1: initial_size -> 40000 growth_rate -> 0 
   - Population parameter change for 6: initial_size -> 30000 growth_rate -> 0 
   - Mass migration: lineages move from 6 to 1 with probability 1.0
   - Population parameter change for 1: initial_size -> 40000 growth_rate -> -1.62186e-06 
=======================================
Epoch: 375000.0 -- 625000.0 generations
=======================================
     start     end      growth_rate |     0        1        2        3        4        5        6        7        8        9       10    
   -------- --------       -------- | -------- -------- -------- -------- -------- -------- -------- -------- -------- -------- -------- 
0 |  1e+04    1e+04               0 |     0        0        0        0        0        0        0        0        0        0        0    
1 |  4e+04    6e+04       -1.62e-06 |     0        0        0        0        0        0        0        0        0        0        0    
2 |  4e+04  1.16e+05      -4.27e-06 |     0        0        0        0        0        0        0        0        0        0        0    
3 | 1.5e+04  1.5e+04              0 |     0        0        0        0        0        0        0        0        0        0        0    
4 |  5e+03    5e+03               0 |     0        0        0        0        0        0        0        0        0        0        0    
5 |  1e+04    1e+04               0 |     0        0        0        0        0        0        0        0        0        0        0    
6 |  3e+04    3e+04               0 |     0        0        0        0        0        0        0        0        0        0        0    
7 | 1.5e+04  1.5e+04              0 |     0        0        0        0        0        0        0        0        0        0        0    
8 |  2e+04    2e+04               0 |     0        0        0        0        0        0        0        0        0        0        0    
9 |  2e+04    2e+04               0 |     0        0        0        0        0        0        0        0        0        0        0    
10| 3.5e+04  3.5e+04              0 |     0        0        0        0        0        0        0        0        0        0        0    

Events @ generation 625000.0
   - Population parameter change for 1: initial_size -> 60000 growth_rate -> 0 
   - Population parameter change for 8: initial_size -> 20000 growth_rate -> 0 
   - Mass migration: lineages move from 8 to 1 with probability 1.0
   - Population parameter change for 1: initial_size -> 125000 growth_rate -> 0 
========================================
Epoch: 625000.0 -- 1250000.0 generations
========================================
     start     end      growth_rate |     0        1        2        3        4        5        6        7        8        9       10    
   -------- --------       -------- | -------- -------- -------- -------- -------- -------- -------- -------- -------- -------- -------- 
0 |  1e+04    1e+04               0 |     0        0        0        0        0        0        0        0        0        0        0    
1 |1.25e+05 1.25e+05              0 |     0        0        0        0        0        0        0        0        0        0        0    
2 |1.16e+05 1.67e+06      -4.27e-06 |     0        0        0        0        0        0        0        0        0        0        0    
3 | 1.5e+04  1.5e+04              0 |     0        0        0        0        0        0        0        0        0        0        0    
4 |  5e+03    5e+03               0 |     0        0        0        0        0        0        0        0        0        0        0    
5 |  1e+04    1e+04               0 |     0        0        0        0        0        0        0        0        0        0        0    
6 |  3e+04    3e+04               0 |     0        0        0        0        0        0        0        0        0        0        0    
7 | 1.5e+04  1.5e+04              0 |     0        0        0        0        0        0        0        0        0        0        0    
8 |  2e+04    2e+04               0 |     0        0        0        0        0        0        0        0        0        0        0    
9 |  2e+04    2e+04               0 |     0        0        0        0        0        0        0        0        0        0        0    
10| 3.5e+04  3.5e+04              0 |     0        0        0        0        0        0        0        0        0        0        0    

Events @ generation 1250000.0
   - Population parameter change for 1: initial_size -> 125000 growth_rate -> 0 
   - Population parameter change for 10: initial_size -> 35000 growth_rate -> 0 
   - Mass migration: lineages move from 10 to 1 with probability 1.0
   - Population parameter change for 1: initial_size -> 125000 growth_rate -> 0 
===================================
Epoch: 1250000.0 -- inf generations
===================================
     start     end      growth_rate |     0        1        2        3        4        5        6        7        8        9       10    
   -------- --------       -------- | -------- -------- -------- -------- -------- -------- -------- -------- -------- -------- -------- 
0 |  1e+04    1e+04               0 |     0        0        0        0        0        0        0        0        0        0        0    
1 |1.25e+05 1.25e+05              0 |     0        0        0        0        0        0        0        0        0        0        0    
2 |1.67e+06    inf        -4.27e-06 |     0        0        0        0        0        0        0        0        0        0        0    
3 | 1.5e+04  1.5e+04              0 |     0        0        0        0        0        0        0        0        0        0        0    
4 |  5e+03    5e+03               0 |     0        0        0        0        0        0        0        0        0        0        0    
5 |  1e+04    1e+04               0 |     0        0        0        0        0        0        0        0        0        0        0    
6 |  3e+04    3e+04               0 |     0        0        0        0        0        0        0        0        0        0        0    
7 | 1.5e+04  1.5e+04              0 |     0        0        0        0        0        0        0        0        0        0        0    
8 |  2e+04    2e+04               0 |     0        0        0        0        0        0        0        0        0        0        0    
9 |  2e+04    2e+04               0 |     0        0        0        0        0        0        0        0        0        0        0    
10| 3.5e+04  3.5e+04              0 |     0        0        0        0        0        0        0        0        0        0        0    
